2809
2889
 312
2217
2797
 414
 339
1309
1659
2876
1383
1494
 255
  98
 144
2602
 141
2675
1436
2543
2145
2289
 676
2788
   2
2489
2815
1673
2693
 789
1816
2297
 341
2829
 967
1697
2133
2940
1846
 500
1700
2064
1868
2882
2094
2465
2342
2599
1077
1850
2239
 329
1794
1712
1213
1616
2646
 639
1863
2899
 814
1597
2493
  22
 597
2001
  40
1385
2669
 114
2165
1825
1724
1748
2333
1090
2989
1043
1221
 783
 525
1426
1013
1378
1682
1476
2598
 383
1222
1284
1674
1510
1400
 971
  55
 434
 493
2853
2389
2833
2357
 608
1237
  54
2952
2170
 905
 876
1776
2734
 899
1406
2770
2253
1556
2671
 663
1628
 354
2462
1016
1037
1201
2945
2281
 129
2823
 793
2384
1545
1690
1717
2120
 404
 725
1528
 126
2697
2349
2629
 667
1684
1076
1527
 542
1772
1774
2358
2369
1202
 610
 664
1137
1122
1135
 877
2214
2372
2747
 358
1711
1106
1746
1501
 140
1569
1326
2443
 993
2715
 618
2293
1040
2006
 454
2798
2953
  96
1449
1949
1434
1350
 861
 629
1648
 217
2473
1922
1987
1602
1210
2554
1639
 417
2146
 460
2817
2783
 185
1549
2043
1132
2221
1181
 391
2826
 316
1944
1334
2601
1893
2111
2047
 133
1743
2991
1123
1145
 132
2903
2641
1115
2604
1463
1070
1451
1584
 619
1282
1409
2367
2212
1160
2987
2262
 390
2586
 622
1340
 510
 941
 842
2845
 210
2087
1677
1937
1898
2785
 120
 820
2827
2083
 630
1394
 969
2580
2795
2460
1565
 627
2271
 746
 532
 946
 742
2014
2690
1006
1253
2582
1880
 674
1203
1034
 371
  52
2156
1932
1193
 229
 895
 347
 377
 295
1020
 706
2054
 559
1468
1547
2885
1600
2042
1482
 737
1298
1604
 372
1997
 457
 134
 396
2926
2957
 112
 137
2936
2631
1925
 569
2415
2939
2619
2117
1343
1891
2376
 318
1787
1764
2756
 522
2091
2375
2076
2559
2519
 253
1573
1529
 343
 953
 239
2029
2766
 388
1658
 398
2425
2143
1971
 580
2873
2842
 564
1710
2034
  46
 224
1509
2321
1015
 717
2445
2085
 234
1530
2058
 360
2373
2450
2039
 150
1051
2567
2681
 334
 981
2791
  33
1367
 778
 190
 444
1574
1290
 875
1411
 160
2416
1353
1783
2781
 455
2134
1125
 293
1271
1876
 893
2180
1304
2680
 755
1727
 277
2184
1747
 218
 933
 127
2526
1083
1138
 671
  71
1448
 184
2955
1889
2291
 469
2825
 651
 491
1561
 600
 582
2240
1300
1563
2574
1287
1864
2743
  23
2218
2518
1062
  89
2729
2259
2466
2299
1423
1762
1384
2546
1001
2337
1689
1855
2000
2312
 492
2182
  24
1858
 924
 836
2542
1416
2858
 180
  80
 122
 346
 124
 928
1693
2979
1705
2224
 385
 110
1055
1142
2996
1642
 968
 146
2994
2820
1370
1308
2346
1099
 375
2181
2626
 420
2328
2726
1128
1559
2508
1777
2114
1792
 848
1562
2614
1621
1908
 187
 656
 300
2386
1238
 148
1336
 483
 174
 324
1005
1851
2105
1852
1737
 317
   9
 846
2843
  26
1131
1189
 985
2784
 435
2742
2864
1867
1822
2632
2044
1116
2878
 960
 635
2718
2983
2630
 566
 822
1593
  74
1579
2100
 841
 922
 441
 620
1228
 452
1518
 707
1637
2007
1758
 658
1330
1917
1696
1564
 400
 130
 838
2752
2030
1983
1129
1928
2008
1848
1671
1814
 687
 273
 856
 442
 998
1415
2409
1543
1483
 166
2194
 188
2394
  77
2702
1199
 642
 549
2142
1395
2483
2771
 382
 445
 305
1834
1857
1749
2836
 464
2232
1767
1274
 415
1692
2721
2353
1976
 399
 504
1283
2920
1163
1938
2010
1035
  11
1720
1933
1990
2327
 111
2309
1074
 198
1601
1136
 770
2475
 598
2332
2909
 145
2399
 534
2167
 669
1824
1551
2677
1465
1101
 425
2637
 668
2284
 683
  56
1173
1297
1357
2053
2653
2659
 296
  37
2796
 540
 230
2340
 772
1666
2857
2385
1032
1084
2028
 433
2587
 257
 983
2478
2061
2427
1490
2015
2101
2319
1865
2536
 100
 236
 823
1118
 632
2894
1396
1469
1075
2707
2140
 193
2514
 853
 790
2595
1756
 325
2033
1018
2148
 947
 633
 713
2222
1582
 176
2323
1923
2776
 384
2993
 616
 247
 516
2121
1615
2185
1089
2691
 704
 921
1236
2207
1183
1812
 356
2673
2623
2102
1638
 349
2012
1664
2374
1555
  64
1480
 406
1317
1306
2150
1327
1346
2698
1413
2678
 747
2755
1432
1408
1095
1140
2248
 471
1048
1108
1470
 537
 200
2935
2506
2596
1537
1927
1474
2320
 655
1117
2147
1158
1085
1119
 891
 526
2325
 678
1963
1968
 103
 561
 708
1194
2052
 323
 796
2633
2252
 934
1243
  90
2611
 413
2902
2418
 171
1581
2684
1031
2901
2738
 448
1147
2316
2387
1292
 681
1151
 476
2355
2322
 220
1218
1544
1440
2635
 872
1209
2122
2502
2600
1841
 209
2138
 749
2456
1341
2921
1060
2570
2067
2351
 571
1403
2900
2731
 802
1420
2720
 699
2219
2947
2716
1609
1999
  66
2206
1805
1957
1533
1778
2069
1634
 393
 920
 662
 225
   7
1672
2910
 287
1512
 612
2486
 419
 378
 294
2405
 348
1839
2123
1231
 157
  83
 189
2453
 810
2844
 330
1940
1702
2036
 303
1738
1965
2157
1607
1892
 352
2986
2911
 418
 916
2315
 989
 718
2270
1172
 478
2272
 799
2078
 374
 624
 182
 149
1374
 832
1453
1994
2745
2740
 405
1810
 807
1594
2137
1168
 155
 245
1907
2617
2593
1757
2056
1169
2563
2929
 888
1431
 361
2175
2803
1493
2774
2971
1969
2847
2534
1068
 904
2583
 394
1294
1261
 332
 847
1293
2856
1647
 151
2990
2666
2848
2867
 416
1906
 693
 866
 826
 732
2413
 543
  45
 843
2566
 259
 514
 168
 509
 275
 865
2572
 691
2090
 115
2553
2065
2419
 507
 557
1475
2009
 606
 722
  16
2115
1554
1623
 648
2495
1560
1931
  95
1455
2937
 797
 487
2308
1105
1803
1973
 266
2727
1359
2854
2352
1042
 723
2549
1866
1489
1603
2164
 992
1629
1107
2925
1491
 748
2423
1025
2438
 326
 777
 251
1149
1806
2363
 644
1036
1874
2897
1885
2158
1723
 986
1645
 397
 692
 213
 552
1233
1240
1631
1269
 279
1381
1464
2802
2866
2380
1335
1588
 584
2819
2050
2282
 994
 164
 524
1890
1093
2532
2841
1197
 902
 840
 819
2719
1380
1804
 262
2890
1296
 281
 475
2724
2188
2339
 496
1716
2277
1500
 696
 757
2503
1592
1439
 623
  86
  25
1614
1993
1589
2541
 931
1429
2079
1368
1929
2515
1307
1548
2757
1264
1542
2723
2455
1622
 467
1401
2970
 800
1532
 202
 474
2906
2590
2440
1657
 596
1590
2999
2982
 805
2648
 647
1681
2317
1688
 607
1837
2966
1067
2640
2579
1485
 675
2077
2027
2548
1361
1915
  63
1884
1686
1280
1266
2865
 570
2089
1591
1901
1926
2657
1829
1511
 955
1322
2835
 254
2408
 461
  31
2954
2810
 583
1955
2663
 307
2398
 792
2523
2096
1281
2924
1813
1258
1709
2469
1289
1026
2296
 999
2813
 485
2717
2627
1146
 495
 689
2881
1143
 980
1773
1049
1633
2908
1770
2916
2850
2860
1402
 954
1744
2750
 271
 518
1617
1441
1894
2758
2749
1364
  70
 423
1985
2393
2859
 962
2613
1152
 173
 786
 539
2314
1254
2265
 235
1462
2789
2535
2794
2229
1410
2732
2852
1508
2545
2980
 752
 337
 548
1815
1447
2492
1363
2481
1698
1627
 686
 285
 344
1301
1339
 456
 163
 617
 626
1920
 541
 304
2753
2522
2964
1360
2209
1719
2013
1454
2304
2961
2062
1265
2169
1974
1148
1355
1230
2201
 482
2131
  18
 221
 403
2711
 982
2512
2763
1670
2578
 395
2390
 729
 726
2786
2179
 828
  58
 554
2435
 890
2005
1831
1996
 694
1568
 153
2556
2851
2728
2213
1375
2139
 340
1369
 191
1323
1878
1044
1785
 178
1703
1318
 451
1654
2127
 886
 336
1314
 379
1895
 794
2407
1802
2451
2792
2946
2017
 930
2237
 407
2530
 912
1796
1732
1312
2433
 701
1809
  29
 943
2821
1262
2172
2662
 756
 544
 988
 670
2790
1970
2568
2210
2491
 531
2454
1611
 938
2499
2564
 867
1950
2643
 489
2313
2176
2967
1843
2695
1446
 366
 763
 601
 957
1324
2828
2063
  94
 322
2476
2855
  17
1853
1959
1109
1220
1842
1082
1348
 579
 102
2547
1526
  49
3000
 878
2575
  72
1514
2962
 440
1557
2080
 135
2689
1984
2485
  15
1004
1765
1024
1821
 369
2736
1656
2432
 603
 743
1390
2196
1466
1255
1596
1087
2509
 970
1414
2108
1699
 249
2099
 936
 766
1170
2109
1612
1211
 628
2988
2552
2093
 195
 690
1507
2045
2608
1445
 481
1847
2125
 104
1113
2223
 268
 466
 698
1154
1053
1524
 353
 767
  99
1873
2941
1567
2412
2457
2974
 653
1753
2388
 868
2922
 269
 161
2424
2531
2904
2103
2266
  62
 950
2644
2124
 809
1930
 834
 315
2984
1578
 240
 142
1195
1428
 911
 587
1519
 426
1766
1094
1337
2307
1175
1575
 179
  88
 276
1595
1576
1215
 849
2246
2594
 503
1081
1244
1706
2562
2258
1911
  97
 791
1456
 685
 965
2191
1678
 345
 585
1626
1503
1023
 654
1992
2324
 780
1014
 927
2754
1256
 788
2417
 883
2431
2761
2208
2692
1045
 298
2468
2944
2177
 250
2951
1486
1619
1272
 327
1354
1683
1499
1421
1362
 152
2452
2685
 136
2004
1086
2230
1652
1531
 652
2060
2800
2846
1091
1943
 183
2216
1691
 428
1166
1826
 753
2973
2767
 715
 949
1344
 827
  12
2589
1942
1388
 311
 835
1000
 535
 205
 527
  68
1775
 465
 711
2759
 712
2379
1114
2202
2397
2577
  19
1605
 499
2482
2187
 605
2330
2263
 162
2645
1951
 760
 688
1661
 702
2687
1896
 837
1854
1208
1217
1397
2368
2837
2544
 446
2326
 951
1063
2670
1471
  38
1679
2022
1553
1618
 813
1033
2329
 735
 613
1072
 679
1946
2341
1608
2410
 637
1223
1662
 948
2073
  61
2585
 869
 458
 925
 203
2294
 138
2002
 274
2051
 758
1676
1587
 147
1162
1056
1630
2917
2135
2490
  75
1111
  67
 594
 754
 932
 774
1079
 462
 165
2318
1541
 929
1484
2775
 158
 595
 212
2603
 117
 563
2494
 609
1391
2569
2893
 745
2950
2360
1268
2151
 241
 870
2676
 473
 436
 759
2428
1479
2477
1786
2200
2226
1061
 116
2178
1687
 408
   4
2011
1047
2780
2892
2249
 386
 784
1800
 181
2041
2538
 270
 942
2243
 576
2283
 945
1393
1288
2276
1241
2839
  30
 560
2638
 505
 964
1751
 357
 261
1538
 321
2877
 477
2441
 350
 682
2459
 719
 488
 860
1345
1663
1206
1954
2874
1788
 881
2722
1277
1003
2092
 577
 536
1986
2960
 106
 684
2220
1817
 987
 625
2931
1726
1745
1646
1358
 512
1905
 657
2779
 422
1096
 918
 705
1377
1052
1407
1883
1888
 108
  21
2024
1516
 724
2895
2533
1910
2824
2612
2472
2107
1366
1680
2447
2174
1550
2943
 900
 306
 910
1975
1513
1586
 914
2965
 238
1606
2744
2364
 365
1733
 775
1525
1179
2708
 278
2919
1521
 659
 917
 169
1685
1502
2070
 508
1948
2274
 363
 290
 733
1887
1722
 256
2031
2303
 177
1995
2816
2422
1799
2581
 439
2336
1351
1027
 175
1707
 901
 851
1011
1188
 233
 206
2694
2656
2112
 545
1904
 521
1299
 284
1704
 502
2976
1278
  91
2527
 839
   3
1250
2963
1305
2615
2203
 815
2591
 991
1669
 977
1877
1219
  48
 402
2480
 265
2350
1291
1130
 208
2098
2302
1644
1164
1667
2634
1071
 501
1675
 961
 154
2880
2439
2382
2338
2371
2136
1506
 368
1909
 313
2956
2461
1828
2704
1830
2525
  73
2395
2162
 974
2267
2914
2420
 199
 264
1038
2310
 575
 741
2236
 909
1808
2279
 824
1625
2830
2026
2129
1849
2701
2511
1635
1988
1523
 761
2192
1404
2204
1791
1430
2345
2618
2075
 156
 590
2528
 214
 556
1251
2772
1174
 863
2992
2705
2658
1740
 650
 562
2446
 720
2149
2487
1781
2565
2378
2606
 714
  76
1144
1759
1734
2888
 172
1641
1651
1660
1200
1176
2573
2442
1912
1650
1050
  78
1205
 923
1784
1232
2268
1165
1442
2739
 885
2344
1438
 573
 956
1196
2197
1833
 944
 661
 614
2938
  10
  50
2311
1399
2948
  60
2709
1156
 351
1708
2285
 546
2130
1535
 282
1225
 447
 558
2464
1801
1167
 167
2242
2288
2235
 779
1935
 319
 376
 588
2084
 453
2019
 935
2016
1187
2891
  35
2035
1078
2132
2381
2141
1204
2517
 568
2683
2402
  28
 125
2071
1798
2713
1008
1653
2018
2095
2128
1972
2250
 976
2868
1515
 412
1157
2437
1964
2620
 109
 246
2978
1763
2540
2550
2068
1495
2558
 286
 472
1191
 907
 975
2430
1303
  65
2269
 101
 248
1902
1941
 196
2032
1021
 666
 252
 389
  42
2059
1718
 194
 288
 892
 237
1422
 894
 515
 771
 131
2655
2972
1481
2504
2571
1417
  43
1797
 328
1598
2849
1934
1313
1795
 680
1539
2186
 972
1320
1585
2470
1141
 762
 611
2370
2159
2733
 533
1741
2233
2751
 159
1245
 913
2735
1242
2501
 459
2560
2254
 586
2981
1736
1488
  20
 871
 919
1328
2706
2300
2805
1092
1249
1472
1342
1248
 781
1182
1583
1577
2712
2977
1729
1373
2793
2557
 804
 703
1153
2396
 592
2295
 634
 926
 602
1632
1457
2654
2725
 812
1870
1760
1192
2660
1127
 222
1640
 320
1126
  36
1425
2256
 572
1316
 431
 223
 283
 631
1121
2887
 858
1558
2458
1212
 979
 973
1259
1811
 309
2741
1080
2119
1919
2195
1073
1059
2869
1739
2801
 640
  82
1731
1497
1064
1655
2505
1207
2488
1504
 769
1178
1939
1058
2173
2241
1754
2872
1029
2661
  81
1835
1150
2055
 882
 216
1818
1668
2155
1982
2227
  92
1789
 897
2863
2628
1981
2193
1155
1180
1956
  44
 816
1979
2287
1665
2703
2448
2949
1235
2516
 547
 243
 864
 272
2969
1120
2834
 855
2609
1372
2245
1769
1918
2231
1171
1267
1065
 750
 258
2113
2679
1088
2551
 818
2414
 123
2513
 643
 672
2301
1097
1730
 338
1695
2746
2434
1184
1226
2918
 497
 739
1649
2968
1613
1827
1936
 764
1473
1387
1019
2616
2768
1713
1599
 463
   8
 966
2097
2913
1009
1742
 226
2928
1139
1450
2927
1845
2484
2912
1498
 528
1017
1725
1444
1752
1435
1580
 289
 589
 744
2190
 427
2639
 553
2049
2391
 308
2116
 468
 862
 649
 551
 709
2298
 331
  93
2171
 409
 959
 695
 787
2808
1389
 887
2500
2247
1159
1379
2361
1214
2714
 387
1185
 297
1856
2003
1790
 811
2260
2773
2529
 421
2812
 896
1112
2168
1624
1782
 520
1879
2649
2814
1823
2354
 879
2997
 292
 727
1793
 700
1270
 565
2154
 829
1286
2392
1325
 785
 808
2474
2975
 555
2467
  84
2822
 498
1844
 280
1133
2479
 490
2765
1349
2764
1643
2025
2905
1273
1961
2356
1977
2521
2088
2037
1329
 738
 636
 519
1331
1039
 940
1458
2153
  69
2106
2668
1246
1010
 768
2306
2163
2383
 995
1227
2166
2343
 844
 362
1701
 211
2862
   1
2406
1872
2748
2665
 697
 833
2807
  53
1041
1980
1437
1352
2607
 990
 660
1461
2647
1460
1392
2347
 550
 615
 997
 513
 355
2652
  51
1007
1102
2496
 424
2769
 996
  27
2555
1832
2286
  57
2023
1315
 798
2189
 574
 186
1882
2335
2238
 782
 201
 857
1104
1540
1186
2261
1103
 567
2923
1924
2126
 852
 484
2799
1967
 716
 244
 263
1239
 677
1571
2832
 373
1012
1566
 859
2429
2498
 143
1124
 523
2401
1022
 830
 665
2622
 494
2588
2932
2463
2205
1492
2161
2674
1302
 850
2228
1735
2730
2280
  87
 817
2449
 367
  13
  14
  32
 641
2411
1161
 952
 470
2651
 228
2305
1496
 219
1066
1110
 728
 593
1897
 884
 204
1534
 381
1069
2879
 958
 335
2471
1263
1234
2290
1224
2118
  79
1859
1177
1610
1285
 821
 873
1424
1412
2933
 342
 751
2883
1921
1229
 773
2038
2699
 854
 333
1098
1002
 806
 232
 370
2520
2861
   6
2688
2510
2211
 889
 645
2264
 291
 443
1310
1365
2592
1252
1405
1216
 740
2524
1487
1030
1552
 736
2576
1945
 538
1991
2840
 731
2436
1520
1376
 517
2539
 429
 119
 299
2782
1913
 845
1840
2561
 486
1443
2066
1295
 578
 908
1820
1382
 231
 479
2404
 105
1477
1522
1819
2074
  39
2366
 438
1903
2537
2244
2806
2915
2811
2605
1989
1046
 301
 267
 734
 937
2021
1570
1134
 710
1860
2995
 801
 401
 963
2225
2958
1311
2072
1998
2710
1386
2048
 915
 978
1332
1962
2426
 831
2942
 984
2875
1715
  59
 795
1768
2959
 646
 410
 207
1875
 581
1771
1807
1871
1966
1427
 673
2625
1338
1433
 411
1838
1728
 128
2057
2636
 449
  47
1100
1419
2292
2884
2152
1761
2278
2365
2896
 604
1319
 359
1755
2907
1467
1862
2198
1276
1333
 121
1952
 118
1636
1505
2737
2831
1953
1371
1398
1321
 430
 874
1247
1054
1536
2275
 906
 113
2871
  41
 776
2331
 380
 437
1899
2403
1721
2985
2778
   5
2046
2160
2081
1347
2183
 480
2762
1694
1947
1779
2650
1517
 903
2686
 192
1620
 432
1546
2086
1452
 621
2110
2700
  34
2672
 215
1190
2584
1028
 227
1478
2787
 139
 825
2144
 939
 638
1459
2334
2621
 599
  85
1836
1958
2818
2020
2610
 803
 450
 260
 506
1198
2998
2362
1978
1279
2234
2497
 310
1750
 392
 170
2199
2886
2760
2624
 314
1257
2642
2348
1356
1057
2838
2040
 898
 529
2667
 721
2898
1960
1900
1861
 591
 107
1418
1886
2255
 530
1275
 242
2664
2082
1916
2400
2273
2870
2507
1780
2777
2696
1260
2444
2215
2597
1881
2104
 880
 302
2804
 765
2377
2421
1914
1572
2682
2257
2930
1869
2934
 364
2359
 511
 197
1714
 730
2251
