2058
2245
1780
2810
940
2264
2239
2454
2891
1222
1559
1164
2916
1804
1517
869
1325
1978
851
2052
634
1617
467
2471
2616
2175
1549
242
2503
1729
395
183
151
2178
2819
278
847
2571
1357
1249
2235
2401
1482
2628
1592
1327
2357
2283
1458
1102
2554
2186
306
1552
2459
1231
1628
1181
2879
1158
466
1503
619
2121
2023
2354
1541
98
2572
2415
1780
2273
1457
766
1484
634
1470
676
1562
360
1402
909
527
157
25
616
591
1471
169
403
708
1490
2996
1386
1271
2096
887
2018
2633
1336
744
2125
578
1658
2779
2986
280
10
1140
1394
2162
1019
2985
2479
1423
749
795
587
2828
97
922
2820
621
614
491
778
2206
1504
929
1777
452
2774
2417
1232
1159
853
695
1021
426
2692
2593
2528
243
2139
1714
2603
2764
487
1612
26
1285
1346
767
2020
966
2509
541
2132
874
2181
164
2233
1868
2898
641
574
1328
2591
269
1700
602
2656
2240
665
2457
2455
1518
289
2665
1504
1914
1260
1161
2621
1961
1647
2012
567
2815
868
2688
2174
1051
364
1857
642
2793
2146
100
1593
180
30
638
2595
670
2726
2266
2205
221
1019
1300
2156
1787
103
2427
2077
56
2593
847
2141
1703
39
2156
1261
842
1656
1844
2875
2656
700
2261
31
518
1273
1300
1350
1170
496
1940
1529
2784
755
119
390
2915
331
261
957
2566
2942
2045
2854
1704
1737
752
1231
699
2987
1796
2649
1240
95
2678
2740
2329
1761
1816
86
2986
2919
2310
2617
2282
696
1814
857
1280
1913
1237
674
393
1666
2058
647
566
2266
1537
898
547
253
2064
183
1364
400
1365
1170
1913
467
1155
225
1340
132
2264
603
642
1784
2043
1781
1618
1978
1258
648
2996
71
1382
1586
177
45
1536
879
683
2758
2975
610
2981
740
1287
107
868
2326
64
2117
196
256
1995
2217
124
2964
2891
574
2620
2551
245
2891
2312
986
2457
2419
202
1279
2862
115
1139
339
2177
463
2256
2903
930
124
1887
1299
841
1476
1768
931
1004
178
1555
187
90
204
884
1017
2574
2341
425
2711
2324
871
1475
2367
591
2143
1785
252
1730
1922
396
684
2607
1795
2303
198
1868
1558
2795
607
2847
2346
312
1171
989
1309
1614
2358
262
1948
1991
2713
1027
705
1138
68
1383
1117
187
1800
951
800
1219
2991
521
1653
385
1254
1895
2084
545
1580
2631
1615
1057
1902
1269
1062
79
2120
1901
1508
1406
2064
1775
2525
531
2411
858
1585
2222
1719
2002
2287
490
692
2576
904
2385
434
2062
926
2587
1780
2270
564
219
2898
1413
1793
2808
142
2347
2249
725
1643
2839
1325
1829
1364
718
6
430
307
1239
1440
2993
216
1940
2882
334
511
2688
2529
1303
2311
2477
852
2225
2208
2922
2347
1547
34
1158
165
1340
2076
2215
2799
2436
239
2627
26
1124
2308
2301
425
1361
907
356
2261
1585
887
794
97
152
738
1517
2368
489
1177
2281
2209
1959
396
776
1100
2392
1429
23
1390
2122
2862
2825
1499
1249
541
2952
2509
650
119
2202
2016
2112
157
391
514
1686
125
704
125
1141
1946
683
363
2076
1800
2468
586
2948
2657
1667
1094
1912
483
2513
2262
1992
2285
677
799
1669
2072
303
1132
2555
2431
2501
2028
2315
823
1652
2911
2513
2712
2491
911
1503
2514
11
426
1920
795
738
1019
727
1438
969
653
2137
2408
2022
735
56
448
1496
1063
1016
405
1946
2678
2819
2008
1272
1685
2369
2735
2457
1441
2367
973
1126
2029
1736
902
1668
2680
1774
1565
1424
1787
1176
2250
2688
1330
1104
746
1936
944
1603
1177
2873
474
1616
969
2524
1723
2893
2095
692
141
2024
2013
1669
495
760
757
1138
61
1686
366
2688
577
166
2257
1374
1163
2342
1380
2162
2549
2731
1817
2035
323
775
2149
1912
1518
1417
2197
381
663
1505
2838
2564
450
1466
1304
233
414
1407
2917
524
1506
338
1357
2369
2117
857
2527
1905
1002
1161
1690
2822
709
778
2927
1735
2425
2911
1029
252
2747
2722
751
491
2632
1354
2843
2344
813
2840
1538
1769
152
2457
100
896
1874
1375
735
1653
238
2800
520
43
2123
2043
1161
2089
1062
210
1169
2795
2577
422
1629
322
223
2624
1978
2828
1459
228
197
210
1459
925
1532
2202
2154
1086
2265
1959
2210
1248
212
1453
1241
1176
475
2609
452
1
541
2228
2905
1884
2146
1309
2938
1598
1309
410
1735
2301
683
1209
2756
2646
832
2405
2707
2222
1198
507
2851
2090
1424
2036
852
0
1298
1975
927
1556
1924
214
2914
2375
2752
2018
1858
2889
1878
338
6
1159
1510
2075
1536
1632
2692
82
2053
1385
283
1918
786
2946
879
1032
2536
305
1647
1157
770
215
2206
1333
835
350
394
17
1013
1320
2360
292
176
1917
587
190
973
2358
448
2616
1974
622
2539
1316
787
1264
1442
1721
95
2377
1674
1415
615
617
393
293
312
1406
2998
1313
1721
600
2013
1034
988
2091
1626
1879
1198
1876
964
287
756
1255
600
1638
2986
2866
1936
2953
730
1250
2944
51
2594
690
363
2904
2520
1982
2687
537
2669
2741
1367
2819
1083
1743
309
2040
319
2669
2262
1114
2180
1456
2826
1693
1835
1247
2710
423
1971
1729
2482
1900
1235
376
2377
2795
2031
815
765
884
752
1229
672
2544
1801
2361
1199
515
2195
2263
1905
448
1261
573
143
2980
817
2615
2961
709
2354
1152
2556
1589
2109
2122
1333
876
1428
2136
434
1793
1654
1947
2089
660
1731
509
2402
1213
957
1581
126
2318
743
1211
2650
2243
902
695
1803
46
852
2904
215
2529
2226
108
774
1563
2673
1628
277
2390
1184
2845
637
2820
1022
211
1983
2984
2284
2056
716
2517
1337
56
1969
2784
1761
267
83
2860
51
682
1579
667
1186
231
642
742
2224
126
478
2671
365
1359
2886
1292
432
2090
2128
245
420
487
650
2453
1712
454
341
2528
724
2467
2956
2046
1081
2510
878
1984
1074
1844
790
1488
1900
67
802
2442
262
2586
1403
2108
1131
2263
2057
2355
950
2646
1469
2735
2241
1735
1484
830
1490
2831
2198
2000
2292
1504
2237
1744
1105
1231
2234
531
2496
2696
2315
999
573
1199
944
1971
2259
973
685
2734
2323
1640
417
519
486
1296
2187
40
2588
2091
1281
399
1687
1386
216
494
2027
1846
163
2475
1153
16
868
571
1960
124
400
1914
2224
2987
38
2743
2122
2017
317
2600
2441
421
2663
1813
1586
2720
2188
730
98
748
97
2813
2267
1296
1694
1769
1470
490
2314
1505
138
2959
2490
699
763
727
415
302
1088
2624
2207
256
1529
1864
2651
1168
52
230
1987
1571
2112
2068
2925
1809
823
72
2380
1417
373
1492
2488
1199
1704
1141
207
978
1737
167
2301
269
1893
1217
1719
1839
333
2174
1264
2306
262
2217
2144
1622
2756
476
291
370
919
2034
2465
2453
2729
1514
933
2792
1728
872
11
1193
1693
2469
31
1563
2661
2820
1212
118
96
2771
593
2166
2661
157
599
2484
1921
262
2874
163
2398
645
2894
157
715
1113
373
602
1084
2789
774
237
161
1374
201
37
240
1830
1654
373
2957
774
1053
1737
1074
1951
2580
191
1541
2151
731
382
871
1952
2067
2019
1932
1615
941
2307
538
380
474
2854
1713
2339
1832
1099
227
878
1254
1238
2946
1580
487
122
2666
2221
2175
1487
526
308
2327
248
2613
322
2347
1463
1271
1566
1153
886
1580
164
640
1799
763
430
1286
95
740
437
844
290
1720
2186
17
1348
650
1357
653
1861
2433
1108
2331
2256
1212
2924
2317
308
1532
2938
2634
1304
2010
601
2545
2737
123
960
924
2422
936
1180
1008
397
1062
2275
1640
928
1747
1313
1528
323
2903
651
1153
1177
2967
963
1785
1992
1787
77
596
2950
1275
1774
1151
1906
304
1880
522
2409
1290
1091
2970
1808
2114
1032
586
172
399
2151
383
2937
1835
2022
1227
806
2033
1664
1544
2535
1498
2407
2058
821
551
799
805
517
1574
916
1434
1942
1614
2317
1218
995
2372
731
2411
248
1725
2338
2439
100
1314
311
1054
1460
1321
1002
877
262
2382
880
2827
2460
579
7
1681
1910
758
461
2506
2832
2829
785
893
2249
2430
2057
1852
2995
235
2794
1871
1572
1292
1374
1989
226
1144
2189
1813
263
2029
1183
1220
642
251
854
1974
460
793
1213
2736
2944
488
551
2915
19
1465
184
1427
486
1286
2684
882
257
2017
2350
778
965
613
1909
2136
1620
266
684
544
811
1942
1600
846
1233
32
2568
1690
2068
50
1918
1870
1006
2484
2601
786
1332
1295
1967
2518
2734
1211
2923
847
1054
2789
1294
1140
365
277
2140
316
1268
2601
1726
2121
1390
295
753
664
2547
2900
2286
2637
2008
311
2693
1808
755
1697
1689
1240
535
997
2340
340
2893
2577
2667
136
2209
1462
1144
243
1103
578
1108
728
2343
679
2724
1596
1646
2124
766
1775
1510
330
2065
2458
2389
2657
2032
1243
2178
580
173
1906
2145
2372
1016
711
2997
2062
1330
1943
2888
215
2932
2895
1661
1105
1799
731
2679
29
536
2648
28
1978
618
380
1848
527
1109
2523
2946
1674
835
2240
743
1463
235
731
2938
2518
326
2427
1105
2179
2373
2092
721
626
2052
1035
2883
2418
2950
1315
1202
983
2380
254
1035
1059
508
2702
415
2684
843
367
2635
1171
104
103
565
594
453
320
1343
546
7
730
1121
2478
1447
1353
43
1610
2397
156
1637
1356
1080
895
2203
364
2589
2589
1738
2628
835
683
1283
1755
2021
1275
2453
2235
2180
2836
1225
1637
991
2602
1827
1885
2737
1328
2861
2213
2906
1254
2498
1134
2478
1099
2770
2619
2533
507
1675
2825
334
1743
914
56
489
1501
693
190
1326
507
2101
1605
2976
77
85
1614
1093
1061
87
2648
2511
532
852
2869
2437
251
2875
2533
2133
2359
370
316
2260
796
2517
2892
2345
839
2102
1375
2009
2656
479
764
2783
1045
2071
1275
2501
1525
2388
1420
2351
626
2761
870
1757
2670
1695
1551
341
2447
884
45
199
2078
2593
2211
1750
1916
1195
992
351
1623
1218
681
822
2611
1301
2380
900
2725
973
1143
1537
528
1124
2196
748
1712
503
817
2567
1041
1474
790
2415
1847
1654
1983
915
1429
1904
2392
1931
743
1459
2007
262
1543
2783
2142
1070
2618
1969
1306
1755
957
2269
395
556
619
480
885
722
1701
625
2837
2614
1171
1473
851
1588
406
1041
1690
985
1067
2315
60
956
2460
2921
30
272
2769
1544
804
623
1498
2300
995
2243
1122
1278
2176
2014
343
2829
1415
2460
1466
79
2527
288
210
2521
138
2358
843
304
2167
105
2780
177
2073
640
2768
778
1205
806
1482
182
2746
614
1789
331
189
1496
2062
1114
1870
1840
786
2513
2940
2288
2294
2326
2234
2207
1734
539
741
2686
2415
468
1917
1317
1392
293
1772
1867
1615
2594
612
2793
128
1915
2462
359
2697
2326
2593
1878
2860
2319
2134
347
2716
1225
2592
2454
804
665
1121
2617
2213
2326
1621
349
1517
1622
1240
1882
365
2513
1512
2550
1436
2962
1281
981
1154
2161
2704
2699
2879
2799
1913
2193
2385
239
558
1987
1234
2539
2156
682
154
803
219
319
785
335
334
2794
89
560
1809
378
1398
618
1142
2719
473
2941
1474
1946
1035
12
1241
1761
78
2864
574
612
2804
677
1539
2201
295
1126
1018
2744
1012
913
2044
1521
1918
94
1554
322
2443
560
1955
1460
650
2146
1511
40
1810
2516
1389
2170
1187
33
1297
757
2113
1429
1892
450
1461
101
1655
206
354
2372
646
2818
1388
54
1476
1555
839
2051
1013
1912
1203
2698
682
200
2014
877
2832
462
236
837
464
921
2560
926
2602
2831
1693
1268
2898
2251
1219
2636
1474
2883
2819
549
723
2703
1546
1758
1695
653
1494
2984
2794
205
569
910
2896
80
128
991
506
1878
1068
2760
1405
796
441
809
203
2020
932
662
2447
716
1454
206
1355
927
816
1307
1926
2925
1795
2644
2026
2909
53
683
157
107
2161
56
2920
1629
2556
421
2721
515
1508
1202
14
643
1146
2316
334
1227
2331
259
1581
745
2544
600
1393
1182
2113
94
1104
503
2986
1263
2587
246
2777
1399
378
107
2170
2486
2741
299
1743
1625
820
2381
4
2991
784
1094
925
391
1755
2613
2369
874
498
2384
1754
2812
228
1537
2866
217
450
553
73
918
2600
1621
1255
1555
2257
1768
1489
1112
1956
1509
57
989
2092
2374
520
1331
2114
1249
2524
2512
73
2042
2644
2366
1758
1675
2958
859
2956
1923
1059
509
2965
69
81
937
2255
776
774
2460
1158
2963
1921
2639
725
2856
350
2192
1271
2714
435
606
1837
1019
1400
1195
634
218
2835
1251
648
1320
2661
1277
2879
881
321
84
240
78
2257
1880
1870
1723
1695
1171
596
2177
2475
1569
1456
236
2077
2270
606
2070
147
1136
2562
2363
663
1952
561
2764
479
513
893
1725
2271
1783
2329
1754
2922
409
289
1957
1122
1347
2083
2673
1413
2376
2507
1787
67
2694
1256
1140
88
1710
937
1222
2238
2515
2110
2062
1297
1404
565
961
2835
2088
83
376
1522
1058
179
910
501
2825
800
1992
1525
2442
2608
1412
519
968
428
411
1824
2147
2525
2582
778
1738
743
2292
336
2509
1083
840
240
2007
2091
935
774
722
1417
542
1352
2291
2127
1451
2145
854
2788
2306
2646
1630
1994
1098
424
1171
2892
2422
2460
1661
1335
37
1262
2966
623
2456
2518
1941
307
1505
1302
833
1300
1919
828
2329
475
145
1461
2050
153
1640
107
1988
261
2992
2243
524
1581
1182
1704
319
2340
2368
943
2471
472
1450
732
2870
134
669
2333
768
2599
354
1879
46
1311
1803
1149
2660
2884
139
1110
1177
2935
1758
489
253
40
768
2217
236
1683
2576
1958
1987
889
2463
2947
2285
259
2688
140
1000
1362
2292
165
448
1931
1399
2751
98
976
408
1261
970
830
1983
2548
738
305
2325
2776
2677
410
1657
1849
2217
726
1335
2960
2882
235
2421
2238
1007
2466
954
1716
558
2983
2512
1813
1909
727
11
2164
1341
1327
968
1051
2467
1423
1749
1771
2647
1089
547
1131
2819
791
1059
773
991
2824
997
325
926
2924
725
2351
1300
2738
2428
761
2859
2985
296
777
2777
2585
275
2689
577
2635
949
2489
2639
949
2101
52
2377
1965
1483
2820
2770
2073
1236
981
958
2938
296
836
2111
1112
2006
1535
1777
131
974
504
336
1499
25
788
1123
1303
1866
1153
133
787
1830
2090
2114
1069
1763
1942
2135
2153
821
108
1524
2700
548
799
2326
1441
1279
1973
1148
827
1445
2053
2465
2414
2941
2628
2116
588
1236
2712
2846
2609
383
222
1364
2478
564
111
1449
946
1216
129
1169
2947
1198
1393
295
1000
1821
1937
1458
1506
2877
1033
2554
2580
1146
508
2300
2881
1102
1377
2730
2028
1782
2922
2787
491
11
1911
2960
1375
2338
925
1218
268
1185
710
2259
279
847
1203
2285
610
2029
1304
2255
2367
2709
569
1683
980
2084
911
1723
2415
402
920
340
1442
1394
2756
985
2495
979
540
2183
1152
2810
2941
1976
1004
1076
1085
1142
1584
834
2080
2535
1220
1937
1362
2818
18
387
2663
2245
2793
1707
713
991
1572
1618
1871
1850
320
1978
2613
913
797
1627
2294
91
1908
338
823
2070
1617
1721
779
1497
373
1428
169
831
1144
572
362
1449
1487
1735
1814
2188
1641
2406
1016
2571
1417
138
583
508
1659
1081
652
265
1255
2935
709
981
2132
694
2621
1934
306
1860
70
1204
950
2068
2652
1220
520
325
1767
79
1296
2250
961
297
1234
1898
1627
2964
2761
899
1990
44
114
1744
2975
1748
2029
2161
983
1644
1958
1540
2763
2302
651
1434
2377
923
1760
109
1899
1478
187
1117
1713
2491
2189
2759
357
2588
1741
1228
1535
487
377
80
1419
54
674
1507
496
2490
2683
2701
2134
2659
1011
1379
627
2902
818
239
1826
580
2831
2896
490
1869
2501
1447
1263
1144
660
1528
2682
1537
536
1305
1793
977
1642
1426
1897
2214
1964
547
2576
1
1025
2521
1517
732
2696
2872
716
1436
234
602
2447
88
781
2839
2908
2767
554
208
1654
1148
1204
2180
928
1341
2207
1994
2628
1996
1870
45
2058
31
346
1908
1732
1214
2184
2405
2286
2162
250
1330
2153
2180
1360
634
873
613
2739
1017
2918
1157
2384
1983
2622
2801
1585
499
1189
2765
2269
477
2946
1960
2464
1276
1812
2126
1009
2457
2570
914
1703
955
1815
2738
2379
2770
449
264
1860
2184
2347
1906
1498
358
1267
1690
923
1018
2239
2265
2784
1735
2571
2783
636
1069
190
721
1728
602
2416
2602
2249
1585
254
2856
2623
